v1
001 010 100 011 110 111 101
001 100 110 101 010 011 111
0 4 7 2 6 5 3 4 0 5 1 3 7 6 7 5 0 6 2 4 1 2 1 6 0 7 3 5 6 3 2 7 0 1 4 5 7 4 3 1 0 2 3 6 1 5 4 2 0
76631
1 1 1 1 1 1 1 1 2 3 4 5 6 7 1 3 5 7 2 4 6 1 4 7 3 6 2 5
5745225
5745105
3440 4036434
166
32
1 1 7 3 7 0 0 3
2 3
5 2
0052000 4027434
544
v2
001 010 100 011 110 111 101
001 011 101 100 111 010 110
0 6 4 3 7 2 5 6 0 7 5 4 1 3 4 7 0 1 6 5 2 3 5 1 0 2 7 6 7 4 6 2 0 3 1 2 1 5 7 3 0 4 5 3 2 6 1 4 0
75221
1 1 1 1 1 1 1 1 2 3 4 5 6 7 1 3 5 7 2 4 6 1 4 7 3 6 2 5
0211626
0201620
6460 1403336
146
65
1 5 5 7 0 7 1 0
1 4
5 3
0500300 1203036
226
v3
001 010 100 011 110 111 101
001 110 010 111 100 101 011
0 4 7 2 6 5 3 4 0 5 1 3 7 6 7 5 0 6 2 4 1 2 1 6 0 7 3 5 6 3 2 7 0 1 4 5 7 4 3 1 0 2 3 6 1 5 4 2 0
76631
1 1 1 1 1 1 1 1 2 3 4 5 6 7 1 3 5 7 2 4 6 1 4 7 3 6 2 5
5212207
5216107
5574 0570215
125
51
1 7 0 0 3 1 7 3
5 6
6 1
0000061 0570256
066
v4
001 010 100 011 110 111 101
001 111 011 010 101 110 100
0 6 4 3 7 2 5 6 0 7 5 4 1 3 4 7 0 1 6 5 2 3 5 1 0 2 7 6 7 4 6 2 0 3 1 2 1 5 7 3 0 4 5 3 2 6 1 4 0
75221
1 1 1 1 1 1 1 1 2 3 4 5 6 7 1 3 5 7 2 4 6 1 4 7 3 6 2 5
5346217
5341517
0113 4214644
114
01
1 4 0 3 0 1 3 4
4 6
1 1
0000101 4214243
503
v5
001 010 100 011 110 111 101
001 101 111 110 011 100 010
0 6 4 3 7 2 5 6 0 7 5 4 1 3 4 7 0 1 6 5 2 3 5 1 0 2 7 6 7 4 6 2 0 3 1 2 1 5 7 3 0 4 5 3 2 6 1 4 0
75221
1 1 1 1 1 1 1 1 2 3 4 5 6 7 1 3 5 7 2 4 6 1 4 7 3 6 2 5
1525666
1625616
5036 5066452
146
51
1 5 5 7 0 7 1 0
1 4
6 3
0600300 5666152
662
v10
001 010 100 011 110 111 101
001 110 010 111 100 101 011
0 4 7 2 6 5 3 4 0 5 1 3 7 6 7 5 0 6 2 4 1 2 1 6 0 7 3 5 6 3 2 7 0 1 4 5 7 4 3 1 0 2 3 6 1 5 4 2 0
15351
1 3 5 7 2 4 6 1 4 7 3 6 2 5 1 5 2 6 3 7 4 1 6 4 2 7 5 3
7227545
7227526
5212 5023272
166
55
1 1 7 3 7 0 0 3
2 3
2 2
0022000 5005272
522
v13
001 010 100 011 110 111 101
001 111 011 010 101 110 100
0 6 4 3 7 2 5 6 0 7 5 4 1 3 4 7 0 1 6 5 2 3 5 1 0 2 7 6 7 4 6 2 0 3 1 2 1 5 7 3 0 4 5 3 2 6 1 4 0
57151
1 4 7 3 6 2 5 1 5 2 6 3 7 4 1 6 4 2 7 5 3 1 7 6 5 4 3 2
7122741
3122721
4103 2065614
163
46
1 7 0 7 1 0 5 5
3 6
4 3
0004003 2062611
571
v16
001 010 100 011 110 111 101
001 011 101 100 111 010 110
0 6 4 3 7 2 5 6 0 7 5 4 1 3 4 7 0 1 6 5 2 3 5 1 0 2 7 6 7 4 6 2 0 3 1 2 1 5 7 3 0 4 5 3 2 6 1 4 0
57151
1 4 7 3 6 2 5 1 5 2 6 3 7 4 1 6 4 2 7 5 3 1 7 6 5 4 3 2
2274171
2774671
2770 7006157
155
24
1 1 3 4 4 0 3 0
1 3
1 3
0103000 7105157
327
v19
001 010 100 011 110 111 101
001 101 111 110 011 100 010
0 6 4 3 7 2 5 6 0 7 5 4 1 3 4 7 0 1 6 5 2 3 5 1 0 2 7 6 7 4 6 2 0 3 1 2 1 5 7 3 0 4 5 3 2 6 1 4 0
23361
1 5 2 6 3 7 4 1 6 4 2 7 5 3 1 7 6 5 4 3 2 1 1 1 1 1 1 1
4667047
0667027
6170 4160665
117
62
1 7 1 0 5 5 7 0
1 5
6 6
060060 4260605
335
v22
001 010 100 011 110 111 101
001 100 110 101 010 011 111
0 4 7 2 6 5 3 4 0 5 1 3 7 6 7 5 0 6 2 4 1 2 1 6 0 7 3 5 6 3 2 7 0 1 4 5 7 4 3 1 0 2 3 6 1 5 4 2 0
67211
1 6 4 2 7 5 3 1 7 6 5 4 3 2 1 1 1 1 1 1 1 1 2 3 4 5 6 7
5360260
5365220
5137 4213762
142
50
1 0 3 1 7 3 7 0
0 1
2 5
2500000 1313762
372
v25
001 010 100 011 110 111 101
001 111 011 010 101 110 100
0 6 4 3 7 2 5 6 0 7 5 4 1 3 4 7 0 1 6 5 2 3 5 1 0 2 7 6 7 4 6 2 0 3 1 2 1 5 7 3 0 4 5 3 2 6 1 4 0
32711
1 7 6 5 4 3 2 1 1 1 1 1 1 1 1 2 3 4 5 6 7 1 3 5 7 2 4 6
5010373
5070353
5706 4416041
157
53
1 0 0 2 6 2 1 6
0 6
2 3
2000003 5416044
304
v28
001 010 100 101 111 011 110
001 101 110 100 011 010 111
0 4 7 2 6 5 3 4 0 5 1 3 7 6 7 5 0 6 2 4 1 2 1 6 0 7 3 5 6 3 2 7 0 1 4 5 7 4 3 1 0 2 3 6 1 5 4 2 0
76631
1 1 1 1 1 1 1 1 2 3 4 5 6 7 1 3 5 7 2 4 6 1 4 7 3 6 2 5
1617401
1367401
5707 2610410
161
51
1 6 0 5 5 6 1 0
1 6
7 4
0700004 2210414
354
v31
001 010 100 101 111 011 110
001 110 011 111 101 100 010
0 4 7 2 6 5 3 4 0 5 1 3 7 6 7 5 0 6 2 4 1 2 1 6 0 7 3 5 6 3 2 7 0 1 4 5 7 4 3 1 0 2 3 6 1 5 4 2 0
42141
1 2 3 4 5 6 7 1 3 5 7 2 4 6 1 4 7 3 6 2 5 1 5 2 6 3 7 4
1261633
2266633
7214 3505750
156
71
1 0 6 0 5 5 6 1
0 5
6 4
6000040 4505770
170
v34
001 010 100 101 111 011 110
001 100 111 110 010 101 011
0 6 4 3 7 2 5 6 0 7 5 4 1 3 4 7 0 1 6 5 2 3 5 1 0 2 7 6 7 4 6 2 0 3 1 2 1 5 7 3 0 4 5 3 2 6 1 4 0
14641
1 3 5 7 2 4 6 1 4 7 3 6 2 5 1 5 2 6 3 7 4 1 6 4 2 7 5 3
4406560
5404560
5730 3467201
162
52
1 0 2 6 2 1 6 0
0 1
6 1
6100000 5367201
541
v37
001 010 100 101 111 011 110
001 011 101 010 110 111 100
0 4 7 2 6 5 3 4 0 5 1 3 7 6 7 5 0 6 2 4 1 2 1 6 0 7 3 5 6 3 2 7 0 1 4 5 7 4 3 1 0 2 3 6 1 5 4 2 0
51561
1 4 7 3 6 2 5 1 5 2 6 3 7 4 1 6 4 2 7 5 3 1 7 6 5 4 3 2
4306640
7306340
3203 7044554
132
33
1 6 1 0 6 0 5 5
3 5
7 4
0007040 7045574
364
v40
001 010 100 101 111 011 110
001 010 100 101 111 011 110
0 6 4 3 7 2 5 6 0 7 5 4 1 3 4 7 0 1 6 5 2 3 5 1 0 2 7 6 7 4 6 2 0 3 1 2 1 5 7 3 0 4 5 3 2 6 1 4 0
23361
1 5 2 6 3 7 4 1 6 4 2 7 5 3 1 7 6 5 4 3 2 1 1 1 1 1 1 1
0515771
0522771
0264 5252444
157
02
1 0 0 2 6 2 1 6
0 6
5 2
5000002 0252445
015
