1 0 2 1101 665 0000420 4036434
2 0 3 1101 036 0010006 1403336
3 0 4 1101 627 0007400 0570215
4 0 5 1101 607 0002400 4214644
5 0 6 1101 246 0300020 5066452
6 6 1 1101 043 0430000 2574160
7 1 1 1101 245 0000047 3010064
8 1 2 1101 226 0207000 2123372
9 2 3 1101 647 0050070 3166237 
10 2 4 1101 715 0000011 5023272
11 2 5 1101 075 5050000 6031644
12 2 6 1101 277 0700001 3227661
13 3 5 1101 321 2000050 2065614
14 3 1 1101 153 0021000 1471057 
15 3 2 1101 352 0000202 2146623
16 3 3 1101 511 0300200 7006157
17 4 3 1101 403 0030070 1714226
18 4 5 1101 726 0000760 2761415
19 4 6 1101 327 4000050 4160665
20 4 2 1101 553 0000307 3161346
21 5 1 1101 045 0000706 6156247
22 5 2 1101 760 0005070 4213762
23 5 3 1101 473 0007400 0765242
24 6 4 1101 544 0060050 2135415
25 6 5 1101 323 0050010 4416041
26 0 1 1011 201 6030000 4117302
27 0 2 1011 703 0000250 5322727
28 0 3 1011 231 0450000 2610410
29 1 4 1011 325 1300000 7702417
30 1 5 1011 417 4000300 3207220
31 1 6 1011 543 4005000 3505750
32 2 3 1011 063 0000310 3674260
33 2 1 1011 646 1070000 1526562
34 2 2 1011 460 2007000 3467201
35 2 3 1011 153 4200000 5746264
36 3 4 1011 215 0007006 5205536
37 3 5 1011 740 5000400 7044554 
38 3 6 1011 633 0005070 4623161
39 3 3 1011 312 5000004 2422006
40 4 1 1011 041 0064000 5252444
41 4 2 1011 703 0700001 4670211
42 4 3 1011 266 0600002 6015704
43 4 4 1011 252 0600300 0237123
44 5 5 1011 621 0002200 1452203
45 5 6 1011 322 0007070 3155304
46 5 2 1011 724 2000005 6305770 
47 5 1 1011 707 0005020 3543140
48 6 2 1011 421 0600700 1641655
49 6 3 1011 317 6005000 4237262
50 6 4 1011 102 7000004 4472372